1000
94
63
52
63
88
67
100
81
88
63
100
56
61
63
67
96
64
59
56
57
58
84
70
61
97
98
67
80
68
73
93
61
90
54
54
89
61
74
79
94
96
69
87
56
78
50
77
62
87
54
63
58
95
86
95
81
70
93
72
76
62
60
93
74
97
83
86
98
85
95
64
81
51
73
100
72
87
79
54
68
62
68
56
73
75
59
59
77
59
63
92
95
61
57
59
72
51
52
96
54
82
64
71
97
97
86
57
76
77
75
81
88
100
98
86
63
54
67
54
94
88
77
63
93
83
96
81
94
97
77
53
60
61
58
91
80
66
55
71
57
87
78
62
50
62
81
57
54
74
56
77
66
98
97
73
91
50
69
95
86
97
65
73
53
93
74
86
95
90
96
52
89
52
87
94
70
55
85
71
55
86
63
98
65
86
90
58
92
62
67
58
87
97
77
53
100
53
65
87
52
99
76
69
80
50
59
91
55
64
76
90
54
67
85
85
70
69
53
57
56
87
53
88
80
66
68
89
84
64
95
65
99
73
69
100
78
92
63
87
74
82
55
100
92
67
91
78
96
56
84
82
96
85
50
64
63
55
68
89
58
95
57
50
76
65
97
97
66
65
88
57
76
61
100
90
63
51
67
98
57
81
88
86
60
93
99
95
81
55
59
91
70
55
58
74
58
91
99
52
67
96
50
60
67
83
69
52
93
77
92
66
62
51
54
91
90
96
51
97
54
70
77
92
95
100
52
94
81
69
82
57
93
91
99
98
76
99
79
97
77
98
54
75
51
81
75
61
87
90
68
79
72
97
53
69
89
86
79
50
56
54
85
55
85
97
89
88
58
88
53
94
51
64
56
96
74
72
59
91
60
100
66
88
57
75
100
60
95
93
94
60
74
62
82
95
50
52
62
100
83
81
76
72
74
86
89
59
77
93
85
55
74
74
78
96
67
97
95
57
80
55
83
87
80
61
84
90
78
67
98
66
77
79
99
51
98
96
93
96
87
61
78
57
61
82
61
57
66
86
80
75
52
59
60
73
83
52
79
99
52
84
76
51
65
73
58
65
73
68
64
55
52
86
85
58
59
85
65
59
90
90
76
66
76
59
55
69
53
94
69
72
59
76
64
98
53
65
84
89
50
52
60
91
89
97
53
98
73
91
52
59
93
68
55
80
56
79
64
88
52
50
85
55
90
59
71
53
94
84
50
54
52
68
71
93
63
86
65
100
86
82
77
99
92
50
51
80
60
65
74
58
66
61
72
75
68
61
68
95
92
97
61
90
53
96
67
66
88
90
82
87
59
80
85
100
57
53
74
96
69
91
82
73
97
64
100
89
65
96
67
52
67
73
64
62
96
56
63
55
57
98
100
85
67
96
70
71
67
60
67
81
64
54
90
57
59
82
55
72
93
68
53
51
95
63
98
55
52
63
60
60
67
62
62
70
90
62
59
68
71
66
54
58
62
94
66
70
83
80
96
66
53
76
80
58
89
71
54
70
94
67
65
91
95
66
53
50
89
96
75
99
50
76
59
84
82
90
93
67
80
53
98
81
69
94
73
91
78
76
97
81
94
54
99
95
57
68
97
61
75
68
78
64
83
90
91
94
51
72
97
94
53
100
72
86
82
73
50
67
66
71
65
77
86
77
77
85
76
66
53
64
68
88
82
93
99
77
99
75
63
68
65
58
73
91
77
71
93
67
80
73
66
73
88
96
93
53
73
93
88
85
62
82
91
52
96
72
71
95
91
58
88
95
56
99
70
89
58
67
95
91
51
100
55
68
61
91
81
56
94
94
61
70
81
63
97
66
82
94
86
81
83
80
54
52
96
84
52
58
94
87
90
86
95
65
51
79
51
79
66
65
68
71
80
66
67
94
71
91
59
99
98
76
79
90
81
99
74
76
61
98
56
56
59
96
89
97
52
67
75
51
96
52
91
52
86
95
57
51
91
88
70
54
64
56
76
91
98
88
90
51
88
61
87
98
89
99
93
83
65
53
73
99
98
65
80
55
93
88
99
96
60
86
97
51
77
90
77
61
60
57
69
71
63
69
74
87
74
53
70
70
80
77
85
78
77
73
81
61
80
61
66
65
76
99
64
82
98
66
69
80
92
74
54
90
93
52
60
57
84
51
59
74
51
68
73
68
90
97
92
71
71
100
90
65
92
100
75
73
53
73
96
63
69
82
65
84
84
59
71
74
58
77
71
87
55
70
54
56
63
54
70
66
89
85
84
89
79
89
82
63
98
84
53
89
67
91
63
84
71
