200
12
16
11
19
16
16
13
18
10
19
20
17
10
17
12
19
14
14
18
13
17
20
16
10
17
19
10
17
10
17
17
11
17
18
16
11
15
15
12
16
14
10
10
16
14
18
20
19
12
18
16
13
19
17
10
10
19
16
10
17
14
16
11
19
13
10
10
10
11
20
15
20
17
13
13
12
19
12
16
12
11
12
10
12
18
14
19
17
11
19
15
11
18
17
13
19
10
19
19
17
15
19
20
10
12
11
19
17
20
10
19
18
13
14
11
17
17
11
15
19
10
16
18
13
15
17
20
20
17
19
14
10
15
11
14
15
10
15
16
20
10
18
20
20
17
12
13
19
12
12
20
19
17
20
18
18
16
17
11
18
10
13
15
19
10
20
11
12
10
10
20
20
20
19
12
17
17
18
10
15
11
14
10
17
17
16
19
11
15
14
14
17
12
15
10
11
18
18
12
16
