200
55
95
72
78
97
60
82
80
71
82
59
97
72
53
86
51
80
53
50
84
66
84
91
73
73
83
72
55
64
85
51
73
59
89
72
72
91
72
65
69
99
56
93
61
68
75
57
67
87
75
94
53
76
65
51
56
56
88
67
91
83
85
67
73
96
62
76
85
50
59
62
70
59
96
80
99
91
78
95
67
81
68
65
74
57
99
97
93
78
56
82
90
55
77
64
90
61
86
77
82
63
75
53
94
52
57
70
94
63
71
74
97
52
84
58
80
76
93
89
62
83
67
61
81
50
71
59
73
89
75
63
69
58
58
97
53
97
69
86
98
87
94
73
89
57
81
97
57
62
85
69
86
74
63
68
71
53
65
100
55
50
60
56
69
82
61
82
50
52
63
80
92
69
86
81
55
80
80
64
77
82
53
99
85
67
52
99
88
96
88
97
63
84
70
67
56
72
75
83
51
