500
54
85
72
85
68
55
56
74
65
84
69
70
88
60
56
95
71
93
74
87
77
65
76
64
78
82
93
50
73
61
75
64
85
87
60
64
83
70
67
57
96
58
74
69
73
64
89
97
94
91
83
94
67
86
99
80
61
75
63
53
83
51
68
70
87
68
53
54
78
51
73
67
65
65
58
54
86
75
90
66
91
54
80
52
55
68
81
73
82
68
55
100
82
67
92
76
81
70
90
56
84
74
82
97
87
94
99
65
67
94
100
77
62
75
51
57
53
91
72
89
69
80
52
52
84
75
72
54
91
70
53
58
93
58
89
59
53
86
58
90
55
54
65
90
68
86
51
74
68
64
64
93
71
52
97
52
62
92
55
64
89
77
98
64
72
79
93
85
67
75
70
63
71
53
63
58
77
55
92
86
69
99
60
99
85
84
87
94
73
67
66
70
87
53
64
81
97
56
59
89
90
93
57
56
67
50
84
95
82
60
54
61
68
81
94
94
76
91
61
96
69
95
66
83
84
64
72
65
69
99
74
71
72
62
58
74
79
64
80
85
85
61
93
95
70
66
55
68
74
78
68
95
89
96
77
68
98
63
61
68
71
98
61
76
53
84
53
97
60
94
86
95
67
77
67
89
67
54
68
87
74
59
74
85
52
96
78
61
93
67
61
68
90
86
85
60
61
93
65
84
57
77
75
78
51
51
56
71
72
66
57
61
73
74
77
68
78
67
51
50
73
64
70
93
81
65
66
69
84
62
71
79
86
52
86
86
69
76
94
65
80
76
73
89
51
84
57
93
86
96
96
53
55
65
81
93
80
95
77
70
97
81
62
50
80
83
75
82
60
64
74
73
59
88
63
95
100
64
52
68
75
62
88
74
92
79
89
85
87
96
51
62
50
67
58
98
63
85
73
82
96
72
87
63
81
87
95
57
75
78
83
79
70
52
58
67
87
92
50
86
74
64
95
91
71
91
80
87
96
73
86
100
54
64
79
52
70
87
83
76
65
76
93
58
57
99
78
96
54
70
88
53
54
83
50
72
73
75
50
87
50
52
98
82
60
96
57
70
56
78
68
96
59
72
80
53
93
58
72
88
67
81
55
51
95
97
76
91
66
95
90
84
94
73
72
85
90
55
63
64
