500
13
18
13
20
12
15
10
16
19
16
14
10
16
13
16
17
18
20
17
16
11
18
10
13
18
18
12
18
15
16
17
16
15
13
20
11
10
20
15
18
15
16
12
15
14
17
11
10
20
15
13
15
13
10
16
16
15
12
20
17
10
11
10
11
12
20
17
11
16
19
11
13
20
11
19
18
17
10
12
12
16
16
20
12
13
10
10
16
13
17
10
11
13
20
13
13
13
12
11
15
11
13
11
15
15
14
12
15
20
19
15
13
18
19
12
13
18
15
19
10
14
19
10
14
19
15
17
16
18
12
12
16
10
14
10
14
16
20
15
12
11
20
13
12
15
15
15
15
17
15
16
15
17
13
11
16
18
18
18
13
13
12
17
19
11
19
20
19
10
20
14
18
18
20
11
14
18
17
16
16
13
15
11
19
18
12
14
11
12
15
19
16
18
18
17
20
20
10
14
14
11
20
19
14
11
15
12
12
14
14
19
18
15
19
13
20
20
15
12
13
12
13
20
12
12
15
11
13
16
15
20
15
20
14
17
11
13
16
11
11
14
12
17
19
19
20
19
18
20
10
18
12
19
10
19
12
11
13
19
10
14
14
14
16
10
10
19
10
16
11
15
10
20
18
19
12
14
11
17
15
16
15
11
13
16
16
17
15
12
13
12
20
19
20
13
11
18
15
20
12
15
16
16
19
16
13
18
12
11
19
16
18
16
19
19
16
19
10
18
10
13
12
15
14
12
10
12
17
11
10
14
17
13
15
14
16
16
14
12
18
13
16
11
20
16
16
10
13
13
13
16
20
14
17
20
14
17
20
19
13
19
12
14
10
11
11
14
18
14
19
13
18
18
11
11
14
18
17
16
15
20
19
11
13
10
15
16
13
17
17
17
13
10
14
18
18
10
11
13
20
17
11
16
20
19
15
14
19
11
11
18
11
11
14
12
11
15
19
19
19
20
15
13
20
15
14
20
14
17
11
18
13
12
18
12
13
15
17
14
13
15
12
20
18
15
10
14
20
20
18
19
12
19
11
13
17
17
10
11
11
12
14
13
10
16
19
20
15
11
20
19
14
12
10
13
10
17
20
20
11
18
13
17
14
14
13
16
12
15
18
20
13
18
20
19
18
17
18
20
19
